P=[1;2;3;1];
T1=[1,0,0,4;0,1,0,0; 0,0,1,0;0,0,0,1];
T2=[1,0,0,0;0,1,0,-4;0,0,1,0;0,0,0,1];
T3=[1,0,0,0;0,0,-1,0;0,1,0,0;0,0,0,1];
T4=[1,0,0,0;0,1,0,0;0,0,1,4;0,0,0,1];
T5=[0,0,1,0;0,1,0,0;-1,0,0,0;0,0,0,1];
P2=T5*T4*T3*T2*T1*P
